
20345    
2772645    
6269120    
7519713    
7763077    
7940359    
8384357    
8536344    
8569248    
9042282    
9327971    
18172581    
22093251    
22275148    
23842453    
25411117    
25596191    
25604346    
29582487    
29720952    
40179036    
40722027    
40921375    
41258995    
41742354    
42055892    
42113770    
42422402    
43030431    
43574659    
45455586    
46037450    
47911263    
48508958    
70195034    
71104289    




4919098199595212                                                                          
4140688192603954                                                                          
4140898164255838                                                                          
4140688170436757                                                                      
5536508185062670                                                                      
5536508100035264                                                                      
4919148196542830                                                                      
4140898163981723                                                                      
4140898167043934                                                                      
4140688177724163  
4919148184272523  
4919108196801891  
4919148154440084  
4140898190045591  
4919118129444123  
4919148065389511  
4140898160261475  
4919148187271621  
4140688158349519  
4147918181846667  
4140898159026483  
4919118144147065  
4919108188346830  
4140688168860836  
4140898167261130  
4919318197170523  
4147918181061622  
4919118188946406  
4140688193866337  
4147918095983879  
4140688169932162  
4140898167579333  
4919148191187672  
4140688177108755  
4919108196532355  
4919108193622472  
4919148065389511  